Original data
ID  Donation
151 252.67
232 767.99
657 103.99
182 386.99
999 283.88
845 101.4
111 444.76
900 910.22
746 101.12
392 269.99
155 406.0
103 705.0
203 602.0
707 999.0
365 111.11
Sorted id
ID  Donation
103 705.0
111 444.76
151 252.67
155 406.0
182 386.99
203 602.0
232 767.99
365 111.11
392 269.99
657 103.99
707 999.0
746 101.12
845 101.4
900 910.22
999 283.88

Sorted donations
ID  Donation
103 705.0
111 444.76
155 406.0
182 386.99
203 602.0
232 767.99
151 252.67
392 269.99
365 111.11
707 999.0
657 103.99
845 101.4
900 910.22
999 283.88
746 101.12
Highest donor ID:103 Donation: 705.0
Highest donor ID:232 Donation: 767.99
Highest donor ID:707 Donation: 999.0
median ID:103 Donation: 705.0
median ID:232 Donation: 767.99
median ID:707 Donation: 999.0
